added = 45
rate =  0.22277227722772278
added = 102
rate =  0.504950495049505
added = 149
rate =  0.7198067632850241
